115
123
134
146
157
168
179
181
216
227
232
241
265
273
284
329
338
343
354
362
375
386
397
418
425
439
447
456
461
482
493
514
522
548
555
563
577
589
591
617
621
633
649
652
664
678
696
719
731
745
753
767
772
788
794
812
828
837
844
851
876
883
895
913
924
935
958
966
971
987
999
000

no valid 
115
125
134
146
157
168
179
181
216
227
232
241
265
273
284
329
338
343
354
362
375
386
397
418
425
439
447
456
461
482
493
514
522
548
555
563
577
589
591
617
621
633
649
652
664
678
696
719
731
745
753
767
772
788
794
812
828
837
844
851
876
883
895
913
924
935
958
966
971
987
999
000